106.50988645000001  29.514109216666665  0.5470769  2.6790273  178.173  279.751
106.50988645000001  29.514109216666665  0.24937245  2.6781065  178.173  279.751
106.50988645000001  29.514109216666665  1.2489189  2.6771884  3.081  279.751
106.50988645000001  29.514109216666665  0.6668785  2.6762726  337.896  279.751
106.50988645000001  29.514109216666665  0.8535222  2.675353  353.1  279.751
106.50988645000001  29.514109216666665  0.18664372  2.674382  173.847  279.751
106.50988645000001  29.514109216666665  0.0  2.6733565  173.847  279.751
106.50988645000001  29.514109216666665  0.7095546  2.8509111  178.745  279.751
106.50988645000001  29.514109216666665  0.8010768  5.0  162.003  279.751
106.50988645000001  29.514109216666665  0.32804048  5.0  165.376  279.751
106.50988645000001  29.514109216666665  0.4612105  5.0  171.199  279.751
106.50992053333333  29.51435536666667  0.2401174  5.0  171.199  302.703
106.50992053333333  29.51435536666667  0.6920728  5.0  327.187  302.704
106.50992053333333  29.51435536666667  0.74708897  5.0  327.082  302.704
106.50992053333333  29.51435536666667  0.3408947  5.0  327.082  302.704
106.50992053333333  29.51435536666667  0.28176516  5.0  327.082  302.704
106.50992053333333  29.51435536666667  0.026222669  5.0  327.082  302.704
106.50992053333333  29.51435536666667  0.3511781  5.0  327.082  302.704
106.50992053333333  29.51435536666667  0.85814977  5.0  200.326  302.704
106.50992053333333  29.51435536666667  0.6699635  5.0  200.096  302.704
106.50992053333333  29.51435536666667  0.7589149  5.0  184.95  302.704
106.50992053333333  29.51435536666667  0.64476913  5.0  172.572  302.704
106.50992053333333  29.51435536666667  0.62780154  5.0  133.575  302.704
106.50992053333333  29.51435536666667  0.692587  5.0  114.608  302.704
106.50992053333333  29.51435536666667  0.17327529  5.0  134.004  302.704
106.50992053333333  29.51435536666667  0.571757  5.0  244.271  302.704
106.50992053333333  29.51435536666667  0.64579755  5.0  245.316  302.704
106.50992053333333  29.51435536666667  0.42264774  5.0  232.523  302.704
106.50992053333333  29.51435536666667  0.25914168  5.0  224.279  302.704
106.50992053333333  29.51435536666667  0.14191091  5.0  224.279  302.704
106.50992053333333  29.51435536666667  0.6072348  5.0  283.048  302.704
106.50992053333333  29.51435536666667  1.2072712  5.0  279.66  302.704
106.50992053333333  29.51435536666667  0.68436027  5.0  287.623  302.704
106.50976493333334  29.514455033333334  0.92447764  5.0  296.534  291.407
106.50976493333334  29.514455033333334  0.7892509  5.0  300.487  291.407
106.50970898333335  29.514647383333333  0.51828337  5.0  326.354  299.658
106.50970898333335  29.514647383333333  0.34346554  5.0  326.354  299.658
106.50970898333335  29.514647383333333  0.4370445  5.0  56.018  299.658
106.50970898333335  29.514647383333333  0.30850202  5.0  56.46  299.658
106.50970898333335  29.514647383333333  0.3167287  5.0  326.586  299.658
106.50970898333335  29.514647383333333  0.13779756  5.0  326.586  299.658
106.50970898333335  29.514647383333333  0.38151413  5.0  326.586  299.658
106.50970898333335  29.514647383333333  0.4005384  5.0  72.528  299.658
106.50970898333335  29.514647383333333  0.43293115  5.0  74.424  299.658
106.50970898333335  29.514647383333333  0.52393925  5.0  89.368  299.658
106.50970898333335  29.514647383333333  0.898255  5.0  96.878  299.658
106.50970898333335  29.514647383333333  0.9183076  5.0  105.577  299.658
106.50970898333335  29.514647383333333  1.1769352  5.0  112.48  299.658
106.50970898333335  29.514647383333333  1.3620363  5.0  105.462  299.658
106.50970898333335  29.514647383333333  1.225267  5.0  109.175  299.658
106.50970898333335  29.514647383333333  1.0154858  5.0  109.903  299.658
106.50970898333335  29.514647383333333  1.3198743  5.0  115.704  299.658
106.50970898333335  29.514647383333333  1.1635667  5.0  117.389  299.658
106.50970898333335  29.514647383333333  0.77022666  5.0  119.892  299.658
106.50970898333335  29.514647383333333  0.7481174  5.0  116.041  299.658
106.50970898333335  29.514647383333333  0.60003644  5.0  114.064  299.658
106.50970898333335  29.514647383333333  0.39848173  5.0  115.484  299.658
106.50970898333335  29.514647383333333  0.22212145  5.0  115.484  299.658
106.50970898333335  29.514647383333333  0.0  5.0  115.484  299.658
106.50970898333335  29.514647383333333  0.0  5.0  115.484  299.658
106.50970898333335  29.514647383333333  0.0  5.0  115.484  299.658
106.50970898333335  29.514647383333333  0.3079878  5.0  115.484  299.658
106.50970898333335  29.514647383333333  0.12905666  5.0  115.484  299.658
106.50970898333335  29.514647383333333  0.31261536  5.0  115.484  299.658
106.50970898333335  29.514647383333333  0.5316518  5.0  286.501  299.658
106.50970898333335  29.514647383333333  0.32341293  5.0  286.501  299.658
106.50970898333335  29.514647383333333  0.29976112  5.0  286.501  299.658
106.50970898333335  29.514647383333333  0.30850202  5.0  286.501  299.658
106.50970898333335  29.514647383333333  0.4349878  5.0  92.696  299.658
106.50970898333335  29.514647383333333  0.0  5.0  92.696  299.658
106.50970898333335  29.514647383333333  0.130085  5.0  92.696  299.658
106.50970898333335  29.514647383333333  0.0  5.0  92.696  299.658
106.50970898333335  29.514647383333333  0.0  5.0  92.696  299.658
106.50970898333335  29.514647383333333  0.2174939  5.0  92.696  299.658
106.50970898333335  29.514647383333333  0.1969271  5.0  92.696  299.658
106.50970898333335  29.514647383333333  0.19075707  5.0  92.696  299.658
106.50970898333335  29.514647383333333  0.052445337  5.0  92.696  299.658
106.50970898333335  29.514647383333333  0.0  5.0  92.696  299.658
106.50970898333335  29.514647383333333  0.17790282  5.0  92.696  299.658
106.50970898333335  29.514647383333333  0.33061132  5.0  92.696  299.658
106.50970898333335  29.514647383333333  0.37071657  5.0  92.696  299.658
106.50970898333335  29.514647383333333  0.5229109  5.0  86.387  299.658
106.50970898333335  29.514647383333333  0.0  5.0  86.387  299.658
106.50970898333335  29.514647383333333  0.0  5.0  86.387  299.658
106.50970898333335  29.514647383333333  0.16042104  5.0  86.387  299.658
106.50970898333335  29.514647383333333  0.048846148  5.0  86.387  299.658
106.50970898333335  29.514647383333333  0.31415787  5.0  86.387  299.658
106.50970898333335  29.514647383333333  0.4936032  5.0  282.677  299.658
106.50970898333335  29.514647383333333  0.28896353  5.0  281.335  299.658
106.50970898333335  29.514647383333333  0.0  5.0  281.335  299.658
106.50970898333335  29.514647383333333  0.15630768  5.0  281.335  299.658
106.50970898333335  29.514647383333333  0.18972872  5.0  281.335  299.658
106.50970898333335  29.514647383333333  0.0  5.0  281.335  299.658
106.50970898333335  29.514647383333333  0.22263561  5.0  281.335  299.658
106.50970898333335  29.514647383333333  0.29821858  5.0  117.764  299.658
106.50970898333335  29.514647383333333  0.33009714  5.0  117.764  299.658
106.50970898333335  29.514647383333333  0.17224695  5.0  117.764  299.658
106.50970898333335  29.514647383333333  0.07044129  5.0  117.764  299.658
106.50970898333335  29.514647383333333  0.0  5.0  117.764  299.658
106.50970898333335  29.514647383333333  0.0  5.0  117.764  299.658
106.50970898333335  29.514647383333333  0.0  5.0  117.764  299.658
106.50970898333335  29.514647383333333  0.0  5.0  117.764  299.658
106.50970898333335  29.514647383333333  0.0  5.0  117.764  299.658
106.50970898333335  29.514647383333333  0.0  5.0  117.764  299.658
106.50970898333335  29.514647383333333  0.26736838  5.0  117.764  299.658
106.50970898333335  29.514647383333333  0.0  5.0  117.764  299.658
106.50970898333335  29.514647383333333  0.0  5.0  117.764  299.658
106.50970898333335  29.514647383333333  0.0  5.0  117.764  299.658
106.50970898333335  29.514647383333333  0.2159514  5.0  117.764  299.658
106.50970898333335  29.514647383333333  0.5604453  5.0  31.973  299.658
106.50970898333335  29.514647383333333  0.47097972  5.0  28.811  299.658
106.50970898333335  29.514647383333333  0.51674086  5.0  34.459  299.658
106.50970898333335  29.514647383333333  0.14345343  5.0  69.667  299.658
106.50970898333335  29.514647383333333  0.0  5.0  69.667  299.658
106.50970898333335  29.514647383333333  0.0  5.0  69.667  299.658
106.50970898333335  29.514647383333333  0.0  5.0  69.667  299.658
106.50970898333335  29.514647383333333  0.20875302  5.0  69.667  299.658
106.50970898333335  29.514647383333333  0.42007688  5.0  94.606  299.658
106.50970898333335  29.514647383333333  0.0  5.0  94.606  299.658
106.50970898333335  29.514647383333333  0.4005384  5.0  339.979  299.658
106.50970898333335  29.514647383333333  0.30284613  5.0  339.979  299.658
106.50970898333335  29.514647383333333  0.26839674  5.0  339.979  299.658
106.50970898333335  29.514647383333333  0.09923481  5.0  339.979  299.658
106.50976398333333  29.514018650000004  0.83038455  6.4745426  218.993  100.664
106.51032689999998  29.51432345  1.9111699  1.6397573  120.896  269.154
106.51032689999998  29.51432345  0.49771655  1.7921987  24.403  269.154
106.51032689999998  29.51432345  0.15682185  1.7925316  46.004  269.154
106.51032689999998  29.51432345  0.7038987  1.7928482  354.989  269.154
106.51050791666667  29.51429823333334  0.7738258  1.6395557  297.389  291.543
106.51050791666667  29.51429823333334  0.3995101  1.7935089  37.45  291.543
106.51050791666667  29.51429823333334  0.09512145  1.8727888  11.347  291.543
106.51050791666667  29.51429823333334  0.9126517  5.0  103.244  291.543
106.51050791666667  29.51429823333334  0.7419473  5.0  94.781  291.543
106.51050791666667  29.51429823333334  0.36814573  5.0  94.781  291.543
106.51050791666667  29.51429823333334  0.57124287  14.131016  19.557  291.543
106.51050791666667  29.51429823333334  1.0545627  13.355907  357.898  291.543
106.51050791666667  29.51429823333334  1.031425  12.115301  354.874  291.543
106.51050791666667  29.51429823333334  0.8483805  11.336097  14.991  291.543
106.51043123333332  29.514485966666665  0.949672  10.913417  50.016  270.827
106.51043123333332  29.514485966666665  1.0936396  10.447605  69.144  270.827
106.51043123333332  29.514485966666665  0.99800396  10.057797  73.217  270.827
106.51034516666665  29.514665533333332  0.8596923  9.648244  53.72  269.219
106.51034516666665  29.514665533333332  0.9383603  9.182294  47.032  269.219
106.51034516666665  29.514665533333332  1.1810485  8.606398  35.696  269.219
106.51034516666665  29.514665533333332  0.9393886  8.537816  72.762  269.219
106.51034021666668  29.514846416666668  1.0746152  8.352524  92.756  267.089
106.51034021666668  29.514846416666668  0.97126716  8.265749  78.104  267.089
106.51034021666668  29.514846416666668  0.77742505  8.142503  71.472  267.089
106.51034021666668  29.514846416666668  0.8206153  8.189876  69.38  267.089
106.51034021666668  29.514846416666668  0.7023562  8.124564  44.813  267.089
106.51044368333332  29.515009583333335  0.7116113  7.9996266  89.469  272.365
106.51038855  29.51444223333333  1.5368541  3.4450076  34.582  96.633
106.51048458333335  29.51473778333333  1.4818379  3.4492798  38.812  177.86
106.51059866666668  29.514983583333333  1.1388865  3.4536145  77.416  246.845
106.51059866666668  29.514983583333333  1.6504858  3.4579923  52.345  246.845
106.51059866666668  29.514983583333333  1.587757  3.4625485  71.896  246.845
106.51097993333333  29.515731350000003  0.72292304  1.8125842  124.516  405.467
106.51096528333333  29.515523950000002  1.067931  1.812941  174.067  361.533
106.51096528333333  29.515523950000002  0.9049392  1.8132937  119.026  361.533
106.51125501666665  29.51536525  0.5599311  2.5128002  259.148  277.568
106.51070014999999  29.515908233333334  0.9913198  3.4920936  146.048  538.57
106.5106923  29.51572283333333  1.0900403  3.4971426  19.931  495.324
106.5106923  29.51572283333333  1.2113845  3.5021763  11.616  495.324
106.51052711666668  29.516252616666666  0.6319149  5.0  154.12  674.17
106.51052711666668  29.516252616666666  1.3527813  5.0  133.006  674.17
106.51052711666668  29.516252616666666  1.2463481  5.0  127.883  674.17
106.51052711666668  29.516252616666666  1.3558663  5.0  128.872  674.17
106.51052711666668  29.516252616666666  1.2144696  5.0  146.176  674.17
106.51061721666669  29.5160709  1.5651335  5.0  152.274  607.48
106.51061721666669  29.5160709  1.5687327  5.0  139.075  607.48
106.51064583333333  29.51585091666667  1.6042104  5.0  138.207  581.111
106.51064585  29.51585091666667  0.8252429  5.0  133.569  581.111
106.5106222  29.5154289  0.5187975  5.0  126.036  477.203
106.51063878333335  29.515202966666667  0.19589877  5.0  126.036  425.305
106.51063878333335  29.515202966666667  0.97486633  5.0  113.013  425.305
106.5107479  29.515003466666666  0.77176917  14.773173  116.706  363.553
106.51087146666666  29.514902916666664  0.6319149  13.4431  117.388  333.303
106.5109384  29.514875516666667  1.1358016  12.671423  132.899  326.384
106.5109795  29.514843883333334  1.2818258  12.198162  132.034  321.291
106.51101321666665  29.514816066666672  1.5409675  11.847334  133.153  317.408
106.51103081666666  29.514805466666665  0.67870444  11.860355  119.552  315.708
106.51102003333332  29.514772016666665  1.0170283  10.840656  139.228  305.3
106.51103701666668  29.514739133333332  1.2139554  10.451267  137.658  298.353
106.51106566666667  29.514705033333332  0.8843724  10.215322  152.26  292.867
106.51108626666668  29.514674150000005  1.7569189  9.76786  150.421  290.187
106.5111251  29.514625833333337  1.4833804  9.396303  154.256  287.133
106.5111558  29.514576233333333  1.088498  9.198236  159.283  284.856
106.5111859  29.514534083333334  0.70184207  9.168077  162.922  282.215
106.51121271666668  29.51449915  0.42419025  9.377098  98.578  280.392
106.51121271666668  29.51449915  0.39334005  9.677604  98.578  280.392
106.51126885000001  29.514446433333333  0.8797448  10.1085825  100.704  275.33
106.5112873  29.514412216666663  1.0463359  10.37327  118.574  275.598
106.51133051666666  29.514387866666667  1.061761  10.564865  107.932  274.073
106.51136210000001  29.514362933333338  0.99800396  10.650423  100.933  273.505
106.51139496666669  29.514338116666668  0.592838  10.739821  63.469  273.781
106.51140939999999  29.51432768333333  0.511085  10.74764  92.28  277.325
106.51142714999999  29.514315866666667  1.1501983  10.366539  119.276  278.436
106.5114312  29.51432641666667  1.2386355  9.655273  111.394  280.564
106.51142675000001  29.514343383333333  1.5486801  9.033907  121.415  285.942
106.51142396666667  29.51433865  1.3543239  8.746724  118.594  292.128
106.51143603333334  29.51432848333333  1.4144816  8.6475  128.994  295.739
106.51145336666666  29.514322633333336  1.3558663  8.600793  97.395  298.958
106.51145223333333  29.51433355  1.1769352  8.481733  103.517  306.472
106.51150466666668  29.51435525  0.9620121  8.05521  116.213  305.47
106.51152341666666  29.5143727  0.7933643  8.068094  105.92  310.027
106.51153913333334  29.5143813  0.55067605  8.120163  116.312  315.161
106.51156423333332  29.514392066666666  0.99851817  8.189276  90.979  316.223
106.51160974999999  29.514409133333334  1.198016  8.353587  90.871  312.879
106.51167013333334  29.51445565  1.2237246  8.76725  92.044  307.735
106.51173093333334  29.514501533333334  1.3275869  9.445454  80.68  300.11
106.51178253333335  29.514537116666663  0.8262712  9.66683  68.439  292.993
106.51181118333334  29.514571633333336  0.6134048  9.964207  38.792  287.15
106.51183354999999  29.514596516666664  0.81136024  10.094975  28.965  282.224
106.51185650000001  29.514611466666665  1.0350242  10.497161  62.748  278.555
106.51189441666665  29.514612049999997  1.3676922  10.694181  70.343  271.368
106.51195226666665  29.514623483333335  1.0946679  10.814237  89.05  267.064
106.51198315000002  29.5146312  1.0684453  10.985394  49.517  260.498
106.51200526666668  29.514649700000003  1.1640809  10.9840145  41.892  255.06
106.51208161666666  29.51462045  1.182591  9.82783  52.485  245.136
106.51213299999999  29.51460513333333  1.2530323  9.007274  56.466  239.3
106.51219581666668  29.514585033333333  0.98514974  8.293308  78.017  231.301
106.5122366  29.514587100000004  1.1697367  7.7630935  49.423  228.188
106.51226138333335  29.514612699999997  1.1507124  7.4979463  57.502  227.712
106.51229305  29.514626266666664  0.97023875  6.889967  94.682  226.702
106.51231876666667  29.514636683333332  1.0941538  6.2101545  125.049  227.629
106.51232954999999  29.514629133333333  1.2324655  6.3529005  126.991  227.893
106.51234253333332  29.514616299999997  0.7110971  6.512407  112.463  229.91
106.5123594  29.51461971666667  1.131174  5.9988666  60.339  229.388
106.51238476666667  29.514637333333333  1.5630767  5.6250863  47.208  227.013
106.51241714999999  29.51466335  1.1892751  5.4157376  50.235  223.346
106.51244651666666  29.514684283333334  1.1347733  5.2390656  54.076  220.694
106.51247671666667  29.51469691666667  1.3245019  5.4109664  80.042  219.631
106.51250685000001  29.514701966666667  1.0401659  5.6199265  72.001  219.372
106.5125298  29.51470883333333  0.8396396  5.4702373  59.211  219.622
106.51254865000001  29.514718366666663  0.73269224  5.6144614  33.59  219.983
106.51254865000001  29.514718366666663  0.73269224  5.6144614  33.59  219.983
106.51256941666666  29.514728883333337  0.9789797  5.706601  57.611  220.855
106.51256941666666  29.514728883333337  0.9789797  5.706601  57.611  220.855
106.51259503333334  29.514726566666663  0.8524939  5.751741  47.246  221.18
106.51259503333334  29.514726566666663  0.8524939  5.751741  47.246  221.18
106.51261889999999  29.5147285  0.54399186  5.886959  7.643  220.493
106.51261889999999  29.5147285  0.54399186  5.886959  7.643  220.493
106.51263538333333  29.51473651666667  0.5198259  5.882385  44.114  219.638
106.51263538333333  29.51473651666667  0.5198259  5.882385  44.114  219.638
106.51264276666667  29.514739616666663  0.3717449  5.9717655  93.764  219.201
106.51264276666667  29.514739616666663  0.3717449  5.9717655  93.764  219.201
106.51265108333334  29.514741049999998  0.4164777  6.2697244  91.838  218.574
106.51265108333334  29.514741049999998  0.4164777  6.2697244  91.838  218.574
106.5126534  29.514738966666663  0.40927932  7.1247196  311.171  218.055
106.5126534  29.514738966666663  0.40927932  7.1247196  311.171  218.055
106.5126488  29.5147435  0.9645829  9.4121065  286.916  217.706
106.5126488  29.5147435  0.9645829  9.4121065  286.916  217.706
106.51262518333333  29.51474443333333  1.6715666  13.191181  289.485  217.823
106.51262518333333  29.51474443333333  1.6715666  13.191181  289.485  217.823
106.51259168333333  29.51474423333333  1.5743885  5.0  283.0  218.498
106.51259168333333  29.51474423333333  1.5743885  5.0  283.0  218.498
106.51306756666666  29.515795949999998  1.1455708  1.9238993  24.018  349.97
106.51306756666666  29.515795949999998  1.1455708  1.9238993  24.018  349.97
106.51306658333333  29.51580816666667  0.7332064  5.0  4.478  353.058
106.51306658333333  29.51580816666667  0.7332064  5.0  4.478  353.058
106.51305888333333  29.515809550000004  0.8509513  5.0  14.949  353.625
106.51305888333333  29.515809550000004  0.8509513  5.0  14.949  353.625
106.51304843333334  29.5158073  0.7234372  5.0  23.366  353.612
106.51304843333334  29.5158073  0.7234372  5.0  23.366  353.612
106.51302446666665  29.515785266666665  0.6879595  14.619048  21.486  353.479
106.51302446666665  29.515785266666665  0.6879595  14.619048  21.486  353.479
106.51303483333335  29.51574268333333  0.8596923  12.45779  32.333  343.304
106.51303483333335  29.51574268333333  0.8596923  12.45779  32.333  343.304
106.51305898333334  29.51571053333333  0.75840074  11.522735  26.62  326.585
106.51305898333334  29.51571053333333  0.75840074  11.522735  26.62  326.585
106.5130831  29.515696666666667  0.6941295  10.756769  19.426  312.708
106.5130831  29.515696666666667  0.6941295  10.756769  19.426  312.708
106.51309878333335  29.515679266666666  1.0576477  10.149535  35.561  302.2
106.51309878333335  29.515679266666666  1.0576477  10.149535  35.561  302.2
106.51313943333335  29.515673999999997  1.1743642  9.720336  32.073  288.428
106.51313943333335  29.515673999999997  1.1743642  9.720336  32.073  288.428
106.51317355  29.515691233333335  0.9460728  9.721198  41.488  277.386
106.51317355  29.515691233333335  0.9460728  9.721198  41.488  277.386
106.5131914  29.515686366666667  0.94350195  9.835257  52.563  270.364
106.5131914  29.515686366666667  0.94350195  9.835257  52.563  270.364
106.51320623333335  29.515683649999996  0.62265986  9.996093  30.206  267.209
106.51320623333335  29.515683649999996  0.62265986  9.996093  30.206  267.209
106.5132172  29.515695733333338  0.6236882  10.194649  51.305  265.365
106.5132172  29.515695733333338  0.6236882  10.194649  51.305  265.365
106.51322585000001  29.515719800000003  0.49051818  10.391957  19.64  265.865
106.51322585000001  29.515719800000003  0.49051818  10.391957  19.64  265.865
106.51321956666668  29.515739216666663  0.69310117  10.5234375  305.9  267.14
106.51321956666668  29.515739216666663  0.69310117  10.5234375  305.9  267.14
106.51321616666668  29.515772749999996  0.6848745  10.35547  330.685  268.764
106.51321616666668  29.515772749999996  0.6848745  10.35547  330.685  268.764
106.51322271666668  29.5158185  1.0648462  10.352685  347.13  269.605
106.51322271666668  29.5158185  1.0648462  10.352685  347.13  269.605
106.5132199  29.51587208333334  1.0309108  10.236738  356.798  271.162
106.5132199  29.51587208333334  1.0309108  10.236738  356.798  271.162
106.51321146666666  29.51592636666667  1.1414574  10.323344  342.319  273.289
106.51321146666666  29.51592636666667  1.1414574  10.323344  342.319  273.289
106.51320483333332  29.51596615  0.72240883  10.713899  334.995  275.082
106.51320483333332  29.51596615  0.72240883  10.713899  334.995  275.082
106.51321385000001  29.515968483333335  0.67561936  10.800721  14.771  273.601
106.51321385000001  29.515968483333335  0.67561936  10.800721  14.771  273.601
106.51321494999999  29.515971516666664  0.6041497  10.808412  13.562  268.148
106.51321494999999  29.515971516666664  0.6041497  10.808412  13.562  268.148
106.51320525000001  29.5159717  0.6874453  10.59166  27.125  262.839
106.51320525000001  29.5159717  0.6874453  10.59166  27.125  262.839
106.51321060000001  29.515995350000004  0.638085  10.302608  357.739  258.21
106.51321060000001  29.515995350000004  0.638085  10.302608  357.739  258.21
106.51321054999998  29.51601135  0.78565174  10.171149  33.683  253.874
106.51321054999998  29.51601135  0.78565174  10.171149  33.683  253.874
106.51322196666666  29.516028300000002  1.1476275  10.158895  358.602  250.548
106.51322196666666  29.516028300000002  1.1476275  10.158895  358.602  250.548
106.51322583333334  29.516044583333336  1.3378704  9.4797735  20.585  246.54
106.51322583333334  29.516044583333336  1.3378704  9.4797735  20.585  246.54
106.51321116666668  29.51605856666667  0.9959473  8.571967  343.944  242.844
106.51321116666668  29.51605856666667  0.9959473  8.571967  343.944  242.844
106.51319165000001  29.51606863333333  1.5080607  7.738777  334.314  239.963
106.51319165000001  29.51606863333333  1.5080607  7.738777  334.314  239.963
106.51318688333335  29.516086083333334  1.5898136  7.4921393  23.408  241.161
106.51318688333335  29.516086083333334  1.5898136  7.4921393  23.408  241.161
106.51319298333334  29.516088599999996  1.3836315  7.184124  42.599  241.056
106.51319298333334  29.516088599999996  1.3836315  7.184124  42.599  241.056
106.51321565000002  29.516102549999996  0.9923481  6.993077  38.872  242.765
106.51321565000002  29.516102549999996  0.9923481  6.993077  38.872  242.765
106.51323073333333  29.516116049999997  1.2581741  6.7183666  8.834  243.737
106.51323073333333  29.516116049999997  1.2581741  6.7183666  8.834  243.737
106.513233  29.516135216666665  0.7306356  6.6580024  42.952  244.625
106.513233  29.516135216666665  0.7306356  6.6580024  42.952  244.625
106.5132528  29.516139350000003  0.6545384  6.528551  3.758  242.635
106.5132528  29.516139350000003  0.6545384  6.528551  3.758  242.635
106.5132528  29.516139350000003  0.4252186  6.4513726  356.042  242.635
106.5132528  29.516139350000003  0.4252186  6.4513726  356.042  242.635
106.51326038333333  29.516150099999997  0.88488656  6.3763423  29.815  243.73
106.51326038333333  29.516150099999997  0.88488656  6.3763423  29.815  243.73
106.51328935000001  29.516187183333333  0.9440161  6.3469205  25.654  241.994
106.51328935000001  29.516187183333333  0.9440161  6.3469205  25.654  241.994
106.51330266666668  29.516220633333333  1.3846599  6.3239336  15.502  241.446
106.51330266666668  29.516220633333333  1.3846599  6.3239336  15.502  241.446
106.51331808333335  29.516246816666662  0.565587  6.31206  33.631  240.372
106.51331808333335  29.516246816666662  0.565587  6.31206  33.631  240.372
106.51333144999998  29.51625458333333  0.7337206  6.468202  16.434  239.031
106.51333144999998  29.51625458333333  0.7337206  6.468202  16.434  239.031
106.51335261666667  29.516272733333334  0.9481295  6.628628  4.002  236.253
106.51335261666667  29.516272733333334  0.9481295  6.628628  4.002  236.253
106.51336914999999  29.5162951  0.9913198  6.7700944  15.159  234.597
106.51336914999999  29.5162951  0.9913198  6.7700944  15.159  234.597
106.51338759999999  29.516328116666667  0.90751004  6.9728837  31.597  233.674
106.51338759999999  29.516328116666667  0.90751004  6.9728837  31.597  233.674
106.5133956  29.516357366666664  1.2319512  7.1728897  27.064  234.031
106.5133956  29.516357366666664  1.2319512  7.1728897  27.064  234.031
106.51339841666667  29.51638935  1.3820889  7.3216066  8.522  236.238
106.51339841666667  29.51638935  1.3820889  7.3216066  8.522  236.238
106.51406071666666  29.517825783333333  0.49051818  1.5254385  100.709  302.68
106.51406071666666  29.517825783333333  0.49051818  1.5254385  100.709  302.68
106.51406071666666  29.517825783333333  0.49051818  1.5254385  100.709  302.68
106.51432584999999  29.517857850000002  0.46840888  1.8764329  123.355  279.843
106.51432584999999  29.517857850000002  0.46840888  1.8764329  123.355  279.843
106.51432584999999  29.517857850000002  0.46840888  1.8764329  123.355  279.843
106.51432584999999  29.517857850000002  0.46840888  1.8764329  123.355  279.843
106.51432584999999  29.517857850000002  0.2262348  1.8761884  123.355  279.843
106.51432584999999  29.517857850000002  0.2262348  1.8761884  123.355  279.843
106.51432584999999  29.517857850000002  0.2262348  1.8761884  123.355  279.843
106.51432584999999  29.517857850000002  0.2262348  1.8761884  123.355  279.843
106.51432584999999  29.517857850000002  0.7080121  1.48783  99.509  279.843
106.51432584999999  29.517857850000002  0.7080121  1.48783  99.509  279.843
106.51432584999999  29.517857850000002  0.7080121  1.48783  99.509  279.843
106.51432584999999  29.517857850000002  0.7080121  1.48783  99.509  279.843
106.51412068333333  29.51787441666667  0.66276515  1.4879583  156.662  310.86
106.51412068333333  29.51787441666667  0.66276515  1.4879583  156.662  310.86
106.51412068333333  29.51787441666667  0.66276515  1.4879583  156.662  310.86
106.51412068333333  29.51787441666667  0.66276515  1.4879583  156.662  310.86
106.51412068333333  29.51787441666667  0.22006476  1.1674566  156.662  310.86
106.51412068333333  29.51787441666667  0.22006476  1.1674566  156.662  310.86
106.51412068333333  29.51787441666667  0.22006476  1.1674566  156.662  310.86
106.51412068333333  29.51787441666667  0.22006476  1.1674566  156.662  310.86
106.51412068333333  29.51787441666667  0.55067605  1.1673551  123.237  310.86
106.51412068333333  29.51787441666667  0.55067605  1.1673551  123.237  310.86
106.51412068333333  29.51787441666667  0.55067605  1.1673551  123.237  310.86
106.51412068333333  29.51787441666667  0.55067605  1.1673551  123.237  310.86
106.51412068333333  29.51787441666667  0.72138053  1.488346  130.608  310.86
106.51412068333333  29.51787441666667  0.72138053  1.488346  130.608  310.86
106.51412068333333  29.51787441666667  0.72138053  1.488346  130.608  310.86
106.51412068333333  29.51787441666667  0.72138053  1.488346  130.608  310.86
106.51412068333333  29.51787441666667  0.4936032  5.0  157.328  310.86
106.51412068333333  29.51787441666667  0.4936032  5.0  157.328  310.86
106.51412068333333  29.51787441666667  0.4936032  5.0  157.328  310.86
106.51412068333333  29.51787441666667  0.4936032  5.0  157.328  310.86
106.51412068333333  29.51787441666667  0.5059433  13.570877  140.472  310.86
106.51412068333333  29.51787441666667  0.5059433  13.570877  140.472  310.86
106.51412068333333  29.51787441666667  0.5059433  13.570877  140.472  310.86
106.51412068333333  29.51787441666667  0.5059433  13.570877  140.472  310.86
106.51412068333333  29.51787441666667  0.7892509  12.011649  150.326  310.86
106.51412068333333  29.51787441666667  0.7892509  12.011649  150.326  310.86
106.51412068333333  29.51787441666667  0.7892509  12.011649  150.326  310.86
106.51412068333333  29.51787441666667  0.7892509  12.011649  150.326  310.86
106.51412068333333  29.51787441666667  0.5270242  10.979156  119.764  310.86
106.51412068333333  29.51787441666667  0.5270242  10.979156  119.764  310.86
106.51412068333333  29.51787441666667  0.5270242  10.979156  119.764  310.86
106.51412068333333  29.51787441666667  0.5270242  10.979156  119.764  310.86
106.51412068333333  29.51787441666667  0.7537732  10.1908455  142.655  310.86
106.51412068333333  29.51787441666667  0.7537732  10.1908455  142.655  310.86
106.51412068333333  29.51787441666667  0.7537732  10.1908455  142.655  310.86
106.51412068333333  29.51787441666667  0.7537732  10.1908455  142.655  310.86
106.51412068333333  29.51787441666667  0.74708897  9.70799  142.882  310.86
106.51412068333333  29.51787441666667  0.74708897  9.70799  142.882  310.86
106.51412068333333  29.51787441666667  0.74708897  9.70799  142.882  310.86
106.51412068333333  29.51787441666667  0.74708897  9.70799  142.882  310.86
106.51412068333333  29.51787441666667  1.110093  9.246176  125.969  310.86
106.51412068333333  29.51787441666667  1.110093  9.246176  125.969  310.86
106.51412068333333  29.51787441666667  1.110093  9.246176  125.969  310.86
106.51412068333333  29.51787441666667  1.110093  9.246176  125.969  310.86
106.51412068333333  29.51787441666667  0.90596753  9.056458  108.27  310.86
106.51412068333333  29.51787441666667  0.90596753  9.056458  108.27  310.86
106.51412068333333  29.51787441666667  0.90596753  9.056458  108.27  310.86
106.51412068333333  29.51787441666667  0.90596753  9.056458  108.27  310.86
106.51412068333333  29.51787441666667  0.8756315  9.020365  121.671  310.86
106.51412068333333  29.51787441666667  0.8756315  9.020365  121.671  310.86
106.51412068333333  29.51787441666667  0.8756315  9.020365  121.671  310.86
106.51412068333333  29.51787441666667  0.8756315  9.020365  121.671  310.86
106.51412068333333  29.51787441666667  0.9388744  9.054158  127.591  310.86
106.51412068333333  29.51787441666667  0.9388744  9.054158  127.591  310.86
106.51412068333333  29.51787441666667  0.9388744  9.054158  127.591  310.86
106.51412068333333  29.51787441666667  0.9388744  9.054158  127.591  310.86
106.51412068333333  29.51787441666667  0.43910116  8.961901  121.301  310.86
106.51412068333333  29.51787441666667  0.43910116  8.961901  121.301  310.86
106.51412068333333  29.51787441666667  0.43910116  8.961901  121.301  310.86
106.51412068333333  29.51787441666667  0.43910116  8.961901  121.301  310.86
106.51412068333333  29.51787441666667  0.490004  8.842354  104.923  310.86
106.51412068333333  29.51787441666667  0.490004  8.842354  104.923  310.86
106.51412068333333  29.51787441666667  0.490004  8.842354  104.923  310.86
106.51412068333333  29.51787441666667  0.490004  8.842354  104.923  310.86
106.51412068333333  29.51787441666667  0.48229146  8.728778  55.798  310.86
106.51412068333333  29.51787441666667  0.48229146  8.728778  55.798  310.86
106.51412068333333  29.51787441666667  0.48229146  8.728778  55.798  310.86
106.51412068333333  29.51787441666667  0.48229146  8.728778  55.798  310.86
106.51412068333333  29.51787441666667  0.5732995  9.001701  103.185  310.86
106.51412068333333  29.51787441666667  0.5732995  9.001701  103.185  310.86
106.51412068333333  29.51787441666667  0.5732995  9.001701  103.185  310.86
106.51412068333333  29.51787441666667  0.5732995  9.001701  103.185  310.86
106.51412068333333  29.51787441666667  0.48229146  9.353858  116.119  310.86
106.51412068333333  29.51787441666667  0.48229146  9.353858  116.119  310.86
106.51412068333333  29.51787441666667  0.48229146  9.353858  116.119  310.86
106.51412068333333  29.51787441666667  0.48229146  9.353858  116.119  310.86
106.51412068333333  29.51787441666667  0.7162388  9.81148  101.75  310.86
106.51412068333333  29.51787441666667  0.7162388  9.81148  101.75  310.86
106.51412068333333  29.51787441666667  0.7162388  9.81148  101.75  310.86
106.51412068333333  29.51787441666667  0.7162388  9.81148  101.75  310.86
106.51412068333333  29.51787441666667  1.15534  10.342463  97.883  310.86
106.51412068333333  29.51787441666667  1.15534  10.342463  97.883  310.86
106.51412068333333  29.51787441666667  1.15534  10.342463  97.883  310.86
106.51412068333333  29.51787441666667  1.15534  10.342463  97.883  310.86
106.51412068333333  29.51787441666667  1.3373562  10.463723  105.333  310.86
106.51412068333333  29.51787441666667  1.3373562  10.463723  105.333  310.86
106.51412068333333  29.51787441666667  1.3373562  10.463723  105.333  310.86
106.51412068333333  29.51787441666667  1.3373562  10.463723  105.333  310.86
106.51431733333332  29.517860600000002  0.9342469  10.562057  100.084  285.647
106.51431733333332  29.517860600000002  0.9342469  10.562057  100.084  285.647
106.51431733333332  29.517860600000002  0.9342469  10.562057  100.084  285.647
106.51431733333332  29.517860600000002  0.9342469  10.562057  100.084  285.647
106.51431733333332  29.517860600000002  0.8010768  10.984691  96.432  285.647
106.51431733333332  29.517860600000002  0.8010768  10.984691  96.432  285.647
106.51431733333332  29.517860600000002  0.8010768  10.984691  96.432  285.647
106.51431733333332  29.517860600000002  0.8010768  10.984691  96.432  285.647
106.51431733333332  29.517860600000002  0.28125098  11.556105  103.377  285.647
106.51431733333332  29.517860600000002  0.28125098  11.556105  103.377  285.647
106.51431733333332  29.517860600000002  0.28125098  11.556105  103.377  285.647
106.51431733333332  29.517860600000002  0.28125098  11.556105  103.377  285.647
106.51448260000001  29.5177688  0.4504129  12.053804  128.509  262.599
106.51448260000001  29.5177688  0.4504129  12.053804  128.509  262.599
106.51448260000001  29.5177688  0.4504129  12.053804  128.509  262.599
106.51448260000001  29.5177688  0.4504129  12.053804  128.509  262.599
106.51448260000001  29.5177688  0.6936153  12.068515  168.819  262.599
106.51448260000001  29.5177688  0.6936153  12.068515  168.819  262.599
106.51448260000001  29.5177688  0.6936153  12.068515  168.819  262.599
106.51448260000001  29.5177688  0.6936153  12.068515  168.819  262.599
106.51429623333334  29.517795  2.540514  2.8484092  301.324  300.544
106.51429623333334  29.517795  2.540514  2.8484092  301.324  300.544
106.51429623333334  29.517795  2.540514  2.8484092  301.324  300.544
106.51429623333334  29.517795  2.540514  2.8484092  301.324  300.544
106.51429623333334  29.517795  2.540514  2.8484092  301.324  300.544
106.51426654999999  29.517830200000002  2.1291778  5.0  340.021  301.777
106.51426654999999  29.517830200000002  2.1291778  5.0  340.021  301.777
106.51426654999999  29.517830200000002  2.1291778  5.0  340.021  301.777
106.51426654999999  29.517830200000002  2.1291778  5.0  340.021  301.777
106.51426654999999  29.517830200000002  2.1291778  5.0  340.021  301.777
106.51457013333332  29.51774541666667  2.049996  5.0  345.921  299.262
106.51457013333332  29.51774541666667  2.049996  5.0  345.921  299.262
106.51457013333332  29.51774541666667  2.049996  5.0  345.921  299.262
106.51457013333332  29.51774541666667  2.049996  5.0  345.921  299.262
106.51457013333332  29.51774541666667  2.049996  5.0  345.921  299.262
106.51477261666666  29.51762091666667  1.8468987  5.0  345.087  262.053
106.51477261666666  29.51762091666667  1.8468987  5.0  345.087  262.053
106.51477261666666  29.51762091666667  1.8468987  5.0  345.087  262.053
106.51477261666666  29.51762091666667  1.8468987  5.0  345.087  262.053
106.51477261666666  29.51762091666667  1.8468987  5.0  345.087  262.053
106.51477261666666  29.51762091666667  1.829931  5.0  346.963  262.053
106.51477261666666  29.51762091666667  1.829931  5.0  346.963  262.053
106.51477261666666  29.51762091666667  1.829931  5.0  346.963  262.053
106.51477261666666  29.51762091666667  1.829931  5.0  346.963  262.053
106.51477261666666  29.51762091666667  1.829931  5.0  346.963  262.053
106.51495330000002  29.517508616666667  1.7255545  5.0  353.286  230.06
106.51495330000002  29.517508616666667  1.7255545  5.0  353.286  230.06
106.51495330000002  29.517508616666667  1.7255545  5.0  353.286  230.06
106.51495330000002  29.517508616666667  1.7255545  5.0  353.286  230.06
106.51495330000002  29.517508616666667  1.7255545  5.0  353.286  230.06
106.51495330000002  29.517508616666667  1.3065059  5.0  359.914  230.058
106.51495330000002  29.517508616666667  1.3065059  5.0  359.914  230.058
106.51495330000002  29.517508616666667  1.3065059  5.0  359.914  230.058
106.51495330000002  29.517508616666667  1.3065059  5.0  359.914  230.058
106.51495330000002  29.517508616666667  1.3065059  5.0  359.914  230.058
106.51518104999998  29.517521583333338  2.0433116  13.445253  25.619  216.489
106.51518104999998  29.517521583333338  2.0433116  13.445253  25.619  216.489
106.51518104999998  29.517521583333338  2.0433116  13.445253  25.619  216.489
106.51518104999998  29.517521583333338  2.0433116  13.445253  25.619  216.489
106.51518104999998  29.517521583333338  2.0433116  13.445253  25.619  216.489
106.51518104999998  29.517521583333338  1.6350607  12.593916  15.924  216.489
106.51518104999998  29.517521583333338  1.6350607  12.593916  15.924  216.489
106.51518104999998  29.517521583333338  1.6350607  12.593916  15.924  216.489
106.51518104999998  29.517521583333338  1.6350607  12.593916  15.924  216.489
106.51518104999998  29.517521583333338  1.6350607  12.593916  15.924  216.489
106.51539553333332  29.517580833333334  1.67568  12.13494  0.122  214.186
106.51539553333332  29.517580833333334  1.67568  12.13494  0.122  214.186
106.51539553333332  29.517580833333334  1.67568  12.13494  0.122  214.186
106.51539553333332  29.517580833333334  1.67568  12.13494  0.122  214.186
106.51539553333332  29.517580833333334  1.67568  12.13494  0.122  214.186
106.51539553333332  29.517580833333334  2.056166  11.634791  24.162  214.186
106.51539553333332  29.517580833333334  2.056166  11.634791  24.162  214.186
106.51539553333332  29.517580833333334  2.056166  11.634791  24.162  214.186
106.51539553333332  29.517580833333334  2.056166  11.634791  24.162  214.186
106.51539553333332  29.517580833333334  2.056166  11.634791  24.162  214.186
106.51539553333332  29.517580833333334  2.1374047  11.288483  24.954  214.186
106.51539553333332  29.517580833333334  2.1374047  11.288483  24.954  214.186
106.51539553333332  29.517580833333334  2.1374047  11.288483  24.954  214.186
106.51539553333332  29.517580833333334  2.1374047  11.288483  24.954  214.186
106.51539553333332  29.517580833333334  2.1374047  11.288483  24.954  214.186
106.51558183333333  29.517660133333333  1.3157611  10.826349  28.765  229.118
106.51558183333333  29.517660133333333  1.3157611  10.826349  28.765  229.118
106.51558183333333  29.517660133333333  1.3157611  10.826349  28.765  229.118
106.51558183333333  29.517660133333333  1.3157611  10.826349  28.765  229.118
106.51558183333333  29.517660133333333  1.3157611  10.826349  28.765  229.118
106.51558183333333  29.517660133333333  1.5070323  10.406518  10.578  229.118
106.51558183333333  29.517660133333333  1.5070323  10.406518  10.578  229.118
106.51558183333333  29.517660133333333  1.5070323  10.406518  10.578  229.118
106.51558183333333  29.517660133333333  1.5070323  10.406518  10.578  229.118
106.51558183333333  29.517660133333333  1.5070323  10.406518  10.578  229.118
106.51558183333333  29.517660133333333  1.188247  9.773252  30.032  229.118
106.51558183333333  29.517660133333333  1.188247  9.773252  30.032  229.118
106.51558183333333  29.517660133333333  1.188247  9.773252  30.032  229.118
106.51558183333333  29.517660133333333  1.188247  9.773252  30.032  229.118
106.51558183333333  29.517660133333333  1.188247  9.773252  30.032  229.118
106.51558183333333  29.517660133333333  1.1352873  9.088559  5.375  229.118
106.51558183333333  29.517660133333333  1.1352873  9.088559  5.375  229.118
106.51558183333333  29.517660133333333  1.1352873  9.088559  5.375  229.118
106.51558183333333  29.517660133333333  1.1352873  9.088559  5.375  229.118
106.51558183333333  29.517660133333333  1.1352873  9.088559  5.375  229.118
106.51558183333333  29.517660133333333  0.65710926  8.456076  15.008  229.118
106.51558183333333  29.517660133333333  0.65710926  8.456076  15.008  229.118
106.51558183333333  29.517660133333333  0.65710926  8.456076  15.008  229.118
106.51558183333333  29.517660133333333  0.65710926  8.456076  15.008  229.118
106.51558183333333  29.517660133333333  0.65710926  8.456076  15.008  229.118
106.51558183333333  29.517660133333333  0.33523884  8.021385  15.008  229.118
106.51558183333333  29.517660133333333  0.33523884  8.021385  15.008  229.118
106.51558183333333  29.517660133333333  0.33523884  8.021385  15.008  229.118
106.51558183333333  29.517660133333333  0.33523884  8.021385  15.008  229.118
106.51558183333333  29.517660133333333  0.33523884  8.021385  15.008  229.118
106.51574514999999  29.5177426  0.52393925  7.8934197  9.043  228.334
106.51574514999999  29.5177426  0.52393925  7.8934197  9.043  228.334
106.51574514999999  29.5177426  0.52393925  7.8934197  9.043  228.334
106.51574514999999  29.5177426  0.52393925  7.8934197  9.043  228.334
106.51574514999999  29.5177426  0.52393925  7.8934197  9.043  228.334
106.51574514999999  29.5177426  0.5846113  8.091707  42.0  228.334
106.51574514999999  29.5177426  0.5846113  8.091707  42.0  228.334
106.51574514999999  29.5177426  0.5846113  8.091707  42.0  228.334
106.51574514999999  29.5177426  0.5846113  8.091707  42.0  228.334
106.51574514999999  29.5177426  0.5846113  8.091707  42.0  228.334
106.51574514999999  29.5177426  0.80261934  8.254193  9.195  228.334
106.51574514999999  29.5177426  0.80261934  8.254193  9.195  228.334
106.51574514999999  29.5177426  0.80261934  8.254193  9.195  228.334
106.51574514999999  29.5177426  0.80261934  8.254193  9.195  228.334
106.51574514999999  29.5177426  0.80261934  8.254193  9.195  228.334
106.51574514999999  29.5177426  0.5270242  8.235135  359.82  228.334
106.51574514999999  29.5177426  0.5270242  8.235135  359.82  228.334
106.51574514999999  29.5177426  0.5270242  8.235135  359.82  228.334
106.51574514999999  29.5177426  0.5270242  8.235135  359.82  228.334
106.51574514999999  29.5177426  0.5270242  8.235135  359.82  228.334
106.51574514999999  29.5177426  0.3876842  8.354269  359.82  228.334
106.51574514999999  29.5177426  0.3876842  8.354269  359.82  228.334
106.51574514999999  29.5177426  0.3876842  8.354269  359.82  228.334
106.51574514999999  29.5177426  0.3876842  8.354269  359.82  228.334
106.51574514999999  29.5177426  0.3876842  8.354269  359.82  228.334
106.51574514999999  29.5177426  0.44784206  8.72296  5.964  228.334
106.51574514999999  29.5177426  0.44784206  8.72296  5.964  228.334
106.51574514999999  29.5177426  0.44784206  8.72296  5.964  228.334
106.51574514999999  29.5177426  0.44784206  8.72296  5.964  228.334
106.51574514999999  29.5177426  0.44784206  8.72296  5.964  228.334
106.51574514999999  29.5177426  0.72240883  9.221968  87.456  228.334
106.51574514999999  29.5177426  0.72240883  9.221968  87.456  228.334
106.51574514999999  29.5177426  0.72240883  9.221968  87.456  228.334
106.51574514999999  29.5177426  0.72240883  9.221968  87.456  228.334
106.51574514999999  29.5177426  0.72240883  9.221968  87.456  228.334
106.51574514999999  29.5177426  0.59540886  9.468349  63.994  228.334
106.51574514999999  29.5177426  0.59540886  9.468349  63.994  228.334
106.51574514999999  29.5177426  0.59540886  9.468349  63.994  228.334
106.51574514999999  29.5177426  0.59540886  9.468349  63.994  228.334
106.51574514999999  29.5177426  0.59540886  9.468349  63.994  228.334
106.51565366666667  29.51793051666667  0.6668785  9.376721  130.412  265.579
106.51565366666667  29.51793051666667  0.6668785  9.376721  130.412  265.579
106.51565366666667  29.51793051666667  0.6668785  9.376721  130.412  265.579
106.51565366666667  29.51793051666667  0.6668785  9.376721  130.412  265.579
106.51565366666667  29.51793051666667  0.6668785  9.376721  130.412  265.579
106.51565366666667  29.51793051666667  0.7301214  8.967736  139.126  265.579
106.51565366666667  29.51793051666667  0.7301214  8.967736  139.126  265.579
106.51565366666667  29.51793051666667  0.7301214  8.967736  139.126  265.579
106.51565366666667  29.51793051666667  0.7301214  8.967736  139.126  265.579
106.51565366666667  29.51793051666667  0.7301214  8.967736  139.126  265.579
106.51565366666667  29.51793051666667  0.93476105  8.706034  148.032  265.579
106.51565366666667  29.51793051666667  0.93476105  8.706034  148.032  265.579
106.51565366666667  29.51793051666667  0.93476105  8.706034  148.032  265.579
106.51565366666667  29.51793051666667  0.93476105  8.706034  148.032  265.579
106.51565366666667  29.51793051666667  0.93476105  8.706034  148.032  265.579
106.51551685000001  29.518017999999998  1.1481416  8.63556  148.702  301.623
106.51551685000001  29.518017999999998  1.1481416  8.63556  148.702  301.623
106.51551685000001  29.518017999999998  1.1481416  8.63556  148.702  301.623
106.51551685000001  29.518017999999998  1.1481416  8.63556  148.702  301.623
106.51551685000001  29.518017999999998  1.1481416  8.63556  148.702  301.623
106.51550958333334  29.518023050000004  0.82472867  8.789308  149.623  307.74
106.51550958333334  29.518023050000004  0.82472867  8.789308  149.623  307.74
106.51550958333334  29.518023050000004  0.82472867  8.789308  149.623  307.74
106.51550958333334  29.518023050000004  0.82472867  8.789308  149.623  307.74
106.51550958333334  29.518023050000004  0.82472867  8.789308  149.623  307.74
106.51549561666667  29.518058116666666  1.5749027  8.40603  130.26  314.998
106.51549561666667  29.518058116666666  1.5749027  8.40603  130.26  314.998
106.51549561666667  29.518058116666666  1.5749027  8.40603  130.26  314.998
106.51549561666667  29.518058116666666  1.5749027  8.40603  130.26  314.998
106.51549561666667  29.518058116666666  1.5749027  8.40603  130.26  314.998
106.51550476666668  29.518086050000004  1.0453076  8.229054  117.31  316.4
106.51550476666668  29.518086050000004  1.0453076  8.229054  117.31  316.4
106.51550476666668  29.518086050000004  1.0453076  8.229054  117.31  316.4
106.51550476666668  29.518086050000004  1.0453076  8.229054  117.31  316.4
106.51550476666668  29.518086050000004  1.0453076  8.229054  117.31  316.4
106.51552023333333  29.518116466666665  0.7234372  8.017921  140.611  316.861
106.51552023333333  29.518116466666665  0.7234372  8.017921  140.611  316.861
106.51552023333333  29.518116466666665  0.7234372  8.017921  140.611  316.861
106.51552023333333  29.518116466666665  0.7234372  8.017921  140.611  316.861
106.51552023333333  29.518116466666665  0.7234372  8.017921  140.611  316.861
106.51553728333334  29.518128700000002  0.84786636  7.9529934  83.159  316.834
106.51553728333334  29.518128700000002  0.84786636  7.9529934  83.159  316.834
106.51553728333334  29.518128700000002  0.84786636  7.9529934  83.159  316.834
106.51553728333334  29.518128700000002  0.84786636  7.9529934  83.159  316.834
106.51553728333334  29.518128700000002  0.84786636  7.9529934  83.159  316.834
106.51555865  29.51813748333333  0.2606842  7.959575  90.172  315.856
106.51555865  29.51813748333333  0.2606842  7.959575  90.172  315.856
106.51555865  29.51813748333333  0.2606842  7.959575  90.172  315.856
106.51555865  29.51813748333333  0.2606842  7.959575  90.172  315.856
106.51555865  29.51813748333333  0.2606842  7.959575  90.172  315.856
106.51562616666666  29.518144266666663  0.85866386  7.8459783  84.552  305.911
106.51562616666666  29.518144266666663  0.85866386  7.8459783  84.552  305.911
106.51562616666666  29.518144266666663  0.85866386  7.8459783  84.552  305.911
106.51562616666666  29.518144266666663  0.85866386  7.8459783  84.552  305.911
106.51562616666666  29.518144266666663  0.85866386  7.8459783  84.552  305.911
106.51568665  29.518140000000002  1.5466233  8.019645  97.032  297.601
106.51568665  29.518140000000002  1.5466233  8.019645  97.032  297.601
106.51568665  29.518140000000002  1.5466233  8.019645  97.032  297.601
106.51568665  29.518140000000002  1.5466233  8.019645  97.032  297.601
106.51568665  29.518140000000002  1.5466233  8.019645  97.032  297.601
106.51575783333334  29.518122016666666  1.8427854  8.256014  92.766  290.414
106.51575783333334  29.518122016666666  1.8427854  8.256014  92.766  290.414
106.51575783333334  29.518122016666666  1.8427854  8.256014  92.766  290.414
106.51575783333334  29.518122016666666  1.8427854  8.256014  92.766  290.414
106.51575783333334  29.518122016666666  1.8427854  8.256014  92.766  290.414
106.51582426666667  29.518104833333336  1.3964858  8.598641  78.106  285.133
106.51582426666667  29.518104833333336  1.3964858  8.598641  78.106  285.133
106.51582426666667  29.518104833333336  1.3964858  8.598641  78.106  285.133
106.51582426666667  29.518104833333336  1.3964858  8.598641  78.106  285.133
106.51582426666667  29.518104833333336  1.3964858  8.598641  78.106  285.133
106.51587939999999  29.518084716666667  0.76559913  8.925505  82.758  279.189
106.51587939999999  29.518084716666667  0.76559913  8.925505  82.758  279.189
106.51587939999999  29.518084716666667  0.76559913  8.925505  82.758  279.189
106.51587939999999  29.518084716666667  0.76559913  8.925505  82.758  279.189
106.51587939999999  29.518084716666667  0.76559913  8.925505  82.758  279.189
106.51592413333334  29.518050266666666  0.5573603  9.133314  67.831  272.935
106.51592413333334  29.518050266666666  0.5573603  9.133314  67.831  272.935
106.51592413333334  29.518050266666666  0.5573603  9.133314  67.831  272.935
106.51592413333334  29.518050266666666  0.5573603  9.133314  67.831  272.935
106.51592413333334  29.518050266666666  0.5573603  9.133314  67.831  272.935
106.51592413333334  29.518050266666666  0.21440889  9.149517  67.831  272.935
106.51592413333334  29.518050266666666  0.21440889  9.149517  67.831  272.935
106.51592413333334  29.518050266666666  0.21440889  9.149517  67.831  272.935
106.51592413333334  29.518050266666666  0.21440889  9.149517  67.831  272.935
106.51592413333334  29.518050266666666  0.21440889  9.149517  67.831  272.935
106.51599896666667  29.51800701666667  0.6319149  9.139101  100.426  261.58
106.51599896666667  29.51800701666667  0.6319149  9.139101  100.426  261.58
106.51599896666667  29.51800701666667  0.6319149  9.139101  100.426  261.58
106.51599896666667  29.51800701666667  0.6319149  9.139101  100.426  261.58
106.51599896666667  29.51800701666667  0.6319149  9.139101  100.426  261.58
106.51607783333333  29.517952483333335  0.69001615  9.271639  32.361  256.897
106.51607783333333  29.517952483333335  0.69001615  9.271639  32.361  256.897
106.51607783333333  29.517952483333335  0.69001615  9.271639  32.361  256.897
106.51607783333333  29.517952483333335  0.69001615  9.271639  32.361  256.897
106.51607783333333  29.517952483333335  0.69001615  9.271639  32.361  256.897
106.51613174999999  29.517922316666667  0.7033846  9.2653265  36.587  253.688
106.51613174999999  29.517922316666667  0.7033846  9.2653265  36.587  253.688
106.51613174999999  29.517922316666667  0.7033846  9.2653265  36.587  253.688
106.51613174999999  29.517922316666667  0.7033846  9.2653265  36.587  253.688
106.51613174999999  29.517922316666667  0.7033846  9.2653265  36.587  253.688
106.51616764999999  29.51791025  1.0720445  9.625479  40.114  253.131
106.51616764999999  29.51791025  1.0720445  9.625479  40.114  253.131
106.51616764999999  29.51791025  1.0720445  9.625479  40.114  253.131
106.51616764999999  29.51791025  1.0720445  9.625479  40.114  253.131
106.51616764999999  29.51791025  1.0720445  9.625479  40.114  253.131
106.51620625  29.51787741666667  1.3908298  9.9567585  94.019  251.955
106.51620625  29.51787741666667  1.3908298  9.9567585  94.019  251.955
106.51620625  29.51787741666667  1.3908298  9.9567585  94.019  251.955
106.51620625  29.51787741666667  1.3908298  9.9567585  94.019  251.955
106.51620625  29.51787741666667  1.3908298  9.9567585  94.019  251.955
106.51625014999999  29.517826833333334  1.3918582  10.4744005  90.343  248.829
106.51625014999999  29.517826833333334  1.3918582  10.4744005  90.343  248.829
106.51625014999999  29.517826833333334  1.3918582  10.4744005  90.343  248.829
106.51625014999999  29.517826833333334  1.3918582  10.4744005  90.343  248.829
106.51625014999999  29.517826833333334  1.3918582  10.4744005  90.343  248.829
106.516319  29.51779103333333  1.1388865  10.484269  93.239  245.142
106.516319  29.51779103333333  1.1388865  10.484269  93.239  245.142
106.516319  29.51779103333333  1.1388865  10.484269  93.239  245.142
106.516319  29.51779103333333  1.1388865  10.484269  93.239  245.142
106.516319  29.51779103333333  1.1388865  10.484269  93.239  245.142
106.51639008333335  29.517768933333333  0.6041497  10.048034  98.777  241.052
106.51639008333335  29.517768933333333  0.6041497  10.048034  98.777  241.052
106.51639008333335  29.517768933333333  0.6041497  10.048034  98.777  241.052
106.51639008333335  29.517768933333333  0.6041497  10.048034  98.777  241.052
106.51639008333335  29.517768933333333  0.6041497  10.048034  98.777  241.052
106.51643713333333  29.517763883333334  0.8925991  9.729437  70.12  237.324
106.51643713333333  29.517763883333334  0.8925991  9.729437  70.12  237.324
106.51643713333333  29.517763883333334  0.8925991  9.729437  70.12  237.324
106.51643713333333  29.517763883333334  0.8925991  9.729437  70.12  237.324
106.51643713333333  29.517763883333334  0.8925991  9.729437  70.12  237.324
106.51645515  29.517772799999996  1.887518  9.765626  80.902  236.429
106.51645515  29.517772799999996  1.887518  9.765626  80.902  236.429
106.51645515  29.517772799999996  1.887518  9.765626  80.902  236.429
106.51645515  29.517772799999996  1.887518  9.765626  80.902  236.429
106.51645515  29.517772799999996  1.887518  9.765626  80.902  236.429
106.51651138333334  29.517784116666668  1.8458703  9.849395  63.952  238.272
106.51651138333334  29.517784116666668  1.8458703  9.849395  63.952  238.272
106.51651138333334  29.517784116666668  1.8458703  9.849395  63.952  238.272
106.51651138333334  29.517784116666668  1.8458703  9.849395  63.952  238.272
106.51651138333334  29.517784116666668  1.8458703  9.849395  63.952  238.272
106.51654086666667  29.51780168333333  1.4489311  10.037558  59.291  241.081
106.51654086666667  29.51780168333333  1.4489311  10.037558  59.291  241.081
106.51654086666667  29.51780168333333  1.4489311  10.037558  59.291  241.081
106.51654086666667  29.51780168333333  1.4489311  10.037558  59.291  241.081
106.51654086666667  29.51780168333333  1.4489311  10.037558  59.291  241.081
106.51657234999999  29.517770566666666  0.8344979  9.938867  94.93  241.881
106.51657234999999  29.517770566666666  0.8344979  9.938867  94.93  241.881
106.51657234999999  29.517770566666666  0.8344979  9.938867  94.93  241.881
106.51657234999999  29.517770566666666  0.8344979  9.938867  94.93  241.881
106.51657234999999  29.517770566666666  0.8344979  9.938867  94.93  241.881
106.51659066666667  29.517761216666667  0.9429878  9.983439  80.302  245.198
106.51659066666667  29.517761216666667  0.9429878  9.983439  80.302  245.198
106.51659066666667  29.517761216666667  0.9429878  9.983439  80.302  245.198
106.51659066666667  29.517761216666667  0.9429878  9.983439  80.302  245.198
106.51659066666667  29.517761216666667  0.9429878  9.983439  80.302  245.198
106.51662069999999  29.517763016666663  1.6489432  10.253755  96.715  247.373
106.51662069999999  29.517763016666663  1.6489432  10.253755  96.715  247.373
106.51662069999999  29.517763016666663  1.6489432  10.253755  96.715  247.373
106.51662069999999  29.517763016666663  1.6489432  10.253755  96.715  247.373
106.51662069999999  29.517763016666663  1.6489432  10.253755  96.715  247.373
106.5166656  29.51776008333333  1.7055018  10.47039  88.006  247.383
106.5166656  29.51776008333333  1.7055018  10.47039  88.006  247.383
106.5166656  29.51776008333333  1.7055018  10.47039  88.006  247.383
106.5166656  29.51776008333333  1.7055018  10.47039  88.006  247.383
106.5166656  29.51776008333333  1.7055018  10.47039  88.006  247.383
106.51670773333332  29.517755483333335  1.615008  10.619116  104.504  245.653
106.51670773333332  29.517755483333335  1.615008  10.619116  104.504  245.653
106.51670773333332  29.517755483333335  1.615008  10.619116  104.504  245.653
106.51670773333332  29.517755483333335  1.615008  10.619116  104.504  245.653
106.51670773333332  29.517755483333335  1.615008  10.619116  104.504  245.653
106.51675231666668  29.51773036666667  1.6808218  10.55829  143.84  245.318
106.51675231666668  29.51773036666667  1.6808218  10.55829  143.84  245.318
106.51675231666668  29.51773036666667  1.6808218  10.55829  143.84  245.318
106.51675231666668  29.51773036666667  1.6808218  10.55829  143.84  245.318
106.51675231666668  29.51773036666667  1.6808218  10.55829  143.84  245.318
106.51677761666666  29.517700116666667  1.1347733  10.475095  108.859  249.953
106.51677761666666  29.517700116666667  1.1347733  10.475095  108.859  249.953
106.51677761666666  29.517700116666667  1.1347733  10.475095  108.859  249.953
106.51677761666666  29.517700116666667  1.1347733  10.475095  108.859  249.953
106.51677761666666  29.517700116666667  1.1347733  10.475095  108.859  249.953
106.5167939  29.517698499999998  1.5841578  10.242827  94.591  250.637
106.5167939  29.517698499999998  1.5841578  10.242827  94.591  250.637
106.5167939  29.517698499999998  1.5841578  10.242827  94.591  250.637
106.5167939  29.517698499999998  1.5841578  10.242827  94.591  250.637
106.5167939  29.517698499999998  1.5841578  10.242827  94.591  250.637
106.516818  29.5176949  0.6951578  10.000452  101.108  247.623
106.516818  29.5176949  0.6951578  10.000452  101.108  247.623
106.516818  29.5176949  0.6951578  10.000452  101.108  247.623
106.516818  29.5176949  0.6951578  10.000452  101.108  247.623
106.516818  29.5176949  0.6951578  10.000452  101.108  247.623
106.51682656666665  29.517691066666664  1.8253034  10.069441  98.226  246.302
106.51682656666665  29.517691066666664  1.8253034  10.069441  98.226  246.302
106.51682656666665  29.517691066666664  1.8253034  10.069441  98.226  246.302
106.51682656666665  29.517691066666664  1.8253034  10.069441  98.226  246.302
106.51682656666665  29.517691066666664  1.8253034  10.069441  98.226  246.302
106.51684375  29.517713966666665  1.5507368  10.589381  108.934  246.066
106.51684375  29.517713966666665  1.5507368  10.589381  108.934  246.066
106.51684375  29.517713966666665  1.5507368  10.589381  108.934  246.066
106.51684375  29.517713966666665  1.5507368  10.589381  108.934  246.066
106.51684375  29.517713966666665  1.5507368  10.589381  108.934  246.066
106.51686489999999  29.51773596666667  1.6957327  11.149689  101.791  246.968
106.51686489999999  29.51773596666667  1.6957327  11.149689  101.791  246.968
106.51686489999999  29.51773596666667  1.6957327  11.149689  101.791  246.968
106.51686489999999  29.51773596666667  1.6957327  11.149689  101.791  246.968
106.51686489999999  29.51773596666667  1.6957327  11.149689  101.791  246.968
106.51689458333334  29.51776005  1.8345586  11.6814165  101.083  248.038
106.51689458333334  29.51776005  1.8345586  11.6814165  101.083  248.038
106.51689458333334  29.51776005  1.8345586  11.6814165  101.083  248.038
106.51689458333334  29.51776005  1.8345586  11.6814165  101.083  248.038
106.51689458333334  29.51776005  1.8345586  11.6814165  101.083  248.038
106.51692966666666  29.517782200000003  2.1600282  11.80443  84.719  248.44
106.51692966666666  29.517782200000003  2.1600282  11.80443  84.719  248.44
106.51692966666666  29.517782200000003  2.1600282  11.80443  84.719  248.44
106.51692966666666  29.517782200000003  2.1600282  11.80443  84.719  248.44
106.51692966666666  29.517782200000003  2.1600282  11.80443  84.719  248.44
106.51697738333333  29.517833049999997  2.0026922  11.582599  67.784  243.706
106.51697738333333  29.517833049999997  2.0026922  11.582599  67.784  243.706
106.51697738333333  29.517833049999997  2.0026922  11.582599  67.784  243.706
106.51697738333333  29.517833049999997  2.0026922  11.582599  67.784  243.706
106.51697738333333  29.517833049999997  2.0026922  11.582599  67.784  243.706
106.51706418333333  29.517858  2.1579716  11.43604  65.2  237.21
106.51706418333333  29.517858  2.1579716  11.43604  65.2  237.21
106.51706418333333  29.517858  2.1579716  11.43604  65.2  237.21
106.51706418333333  29.517858  2.1579716  11.43604  65.2  237.21
106.51706418333333  29.517858  2.1579716  11.43604  65.2  237.21
106.51711795000001  29.517880233333337  1.5461092  11.247198  64.245  235.531
106.51711795000001  29.517880233333337  1.5461092  11.247198  64.245  235.531
106.51711795000001  29.517880233333337  1.5461092  11.247198  64.245  235.531
106.51711795000001  29.517880233333337  1.5461092  11.247198  64.245  235.531
106.51711795000001  29.517880233333337  1.5461092  11.247198  64.245  235.531
106.51713086666665  29.517910316666665  0.69670033  11.656068  29.296  234.297
106.51713086666665  29.517910316666665  0.69670033  11.656068  29.296  234.297
106.51713086666665  29.517910316666665  0.69670033  11.656068  29.296  234.297
106.51713086666665  29.517910316666665  0.69670033  11.656068  29.296  234.297
106.51713086666665  29.517910316666665  0.69670033  11.656068  29.296  234.297
106.51712523333332  29.517930200000002  0.7537732  12.299752  54.461  234.247
106.51712523333332  29.517930200000002  0.7537732  12.299752  54.461  234.247
106.51712523333332  29.517930200000002  0.7537732  12.299752  54.461  234.247
106.51712523333332  29.517930200000002  0.7537732  12.299752  54.461  234.247
106.51712523333332  29.517930200000002  0.7537732  12.299752  54.461  234.247
106.51712459999999  29.517937233333335  0.39488256  13.008145  74.561  233.611
106.51712459999999  29.517937233333335  0.39488256  13.008145  74.561  233.611
106.51712459999999  29.517937233333335  0.39488256  13.008145  74.561  233.611
106.51712459999999  29.517937233333335  0.39488256  13.008145  74.561  233.611
106.51712459999999  29.517937233333335  0.39488256  13.008145  74.561  233.611
106.51710448333333  29.517967916666667  1.5286274  13.2931185  332.359  228.932
106.51710448333333  29.517967916666667  1.5286274  13.2931185  332.359  228.932
106.51710448333333  29.517967916666667  1.5286274  13.2931185  332.359  228.932
106.51710448333333  29.517967916666667  1.5286274  13.2931185  332.359  228.932
106.51710448333333  29.517967916666667  1.5286274  13.2931185  332.359  228.932
106.5170965  29.51800223333333  1.3666638  13.483742  12.453  224.061
106.5170965  29.51800223333333  1.3666638  13.483742  12.453  224.061
106.5170965  29.51800223333333  1.3666638  13.483742  12.453  224.061
106.5170965  29.51800223333333  1.3666638  13.483742  12.453  224.061
106.5170965  29.51800223333333  1.3666638  13.483742  12.453  224.061
106.5171249  29.518019166666665  1.6139796  13.617298  42.823  220.421
106.5171249  29.518019166666665  1.6139796  13.617298  42.823  220.421
106.5171249  29.518019166666665  1.6139796  13.617298  42.823  220.421
106.5171249  29.518019166666665  1.6139796  13.617298  42.823  220.421
106.5171249  29.518019166666665  1.6139796  13.617298  42.823  220.421
106.51715108333335  29.51803435  2.1291778  12.998021  20.485  215.667
106.51715108333335  29.51803435  2.1291778  12.998021  20.485  215.667
106.51715108333335  29.51803435  2.1291778  12.998021  20.485  215.667
106.51715108333335  29.51803435  2.1291778  12.998021  20.485  215.667
106.51715108333335  29.51803435  2.1291778  12.998021  20.485  215.667
106.51709935  29.518131050000004  1.5502226  11.969043  32.691  223.805
106.51709935  29.518131050000004  1.5502226  11.969043  32.691  223.805
106.51709935  29.518131050000004  1.5502226  11.969043  32.691  223.805
106.51709935  29.518131050000004  1.5502226  11.969043  32.691  223.805
106.51709935  29.518131050000004  1.5502226  11.969043  32.691  223.805
106.51700643333334  29.518246816666668  1.179506  11.142878  0.652  241.575
106.51700643333334  29.518246816666668  1.179506  11.142878  0.652  241.575
106.51700643333334  29.518246816666668  1.179506  11.142878  0.652  241.575
106.51700643333334  29.518246816666668  1.179506  11.142878  0.652  241.575
106.51700643333334  29.518246816666668  1.179506  11.142878  0.652  241.575
106.51692685000002  29.518326283333334  1.2561173  10.460636  346.678  241.612
106.51692685000002  29.518326283333334  1.2561173  10.460636  346.678  241.612
106.51692685000002  29.518326283333334  1.2561173  10.460636  346.678  241.612
106.51692685000002  29.518326283333334  1.2561173  10.460636  346.678  241.612
106.51692685000002  29.518326283333334  1.2561173  10.460636  346.678  241.612
106.51686964999999  29.518364283333334  0.7913076  9.249038  12.954  241.162
106.51686964999999  29.518364283333334  0.7913076  9.249038  12.954  241.162
106.51686964999999  29.518364283333334  0.7913076  9.249038  12.954  241.162
106.51686964999999  29.518364283333334  0.7913076  9.249038  12.954  241.162
106.51686964999999  29.518364283333334  0.7913076  9.249038  12.954  241.162
106.51682313333335  29.51840878333333  0.78051007  8.756708  0.107  235.66
106.51682313333335  29.51840878333333  0.78051007  8.756708  0.107  235.66
106.51682313333335  29.51840878333333  0.78051007  8.756708  0.107  235.66
106.51682313333335  29.51840878333333  0.78051007  8.756708  0.107  235.66
106.51682313333335  29.51840878333333  0.78051007  8.756708  0.107  235.66
106.51680130000001  29.51843463333333  0.67253435  8.558212  1.578  226.03
106.51680130000001  29.51843463333333  0.67253435  8.558212  1.578  226.03
106.51680130000001  29.51843463333333  0.67253435  8.558212  1.578  226.03
106.51680130000001  29.51843463333333  0.67253435  8.558212  1.578  226.03
106.51680130000001  29.51843463333333  0.67253435  8.558212  1.578  226.03
106.51679625  29.51846593333333  0.8545505  8.492412  31.764  224.293
106.51679625  29.51846593333333  0.8545505  8.492412  31.764  224.293
106.51679625  29.51846593333333  0.8545505  8.492412  31.764  224.293
106.51679625  29.51846593333333  0.8545505  8.492412  31.764  224.293
106.51679625  29.51846593333333  0.8545505  8.492412  31.764  224.293
106.51679851666668  29.5185008  1.2951943  8.302344  39.764  222.254
106.51679851666668  29.5185008  1.2951943  8.302344  39.764  222.254
106.51679851666668  29.5185008  1.2951943  8.302344  39.764  222.254
106.51679851666668  29.5185008  1.2951943  8.302344  39.764  222.254
106.51679851666668  29.5185008  1.2951943  8.302344  39.764  222.254
106.51681136666666  29.5185388  0.48897564  8.005022  20.331  222.304
106.51681136666666  29.5185388  0.48897564  8.005022  20.331  222.304
106.51681136666666  29.5185388  0.48897564  8.005022  20.331  222.304
106.51681136666666  29.5185388  0.48897564  8.005022  20.331  222.304
106.51681136666666  29.5185388  0.48897564  8.005022  20.331  222.304
106.51681811666667  29.51855735  0.6087773  7.775787  34.699  223.089
106.51681811666667  29.51855735  0.6087773  7.775787  34.699  223.089
106.51681811666667  29.51855735  0.6087773  7.775787  34.699  223.089
106.51681811666667  29.51855735  0.6087773  7.775787  34.699  223.089
106.51681811666667  29.51855735  0.6087773  7.775787  34.699  223.089
106.51682791666666  29.51858225  1.1291174  7.603156  27.331  222.574
106.51682791666666  29.51858225  1.1291174  7.603156  27.331  222.574
106.51682791666666  29.51858225  1.1291174  7.603156  27.331  222.574
106.51682791666666  29.51858225  1.1291174  7.603156  27.331  222.574
106.51682791666666  29.51858225  1.1291174  7.603156  27.331  222.574
106.51683833333333  29.518599816666665  0.16864777  7.475351  355.391  222.613
106.51683833333333  29.518599816666665  0.16864777  7.475351  355.391  222.613
106.51683833333333  29.518599816666665  0.16864777  7.475351  355.391  222.613
106.51683833333333  29.518599816666665  0.16864777  7.475351  355.391  222.613
106.51683833333333  29.518599816666665  0.16864777  7.475351  355.391  222.613
106.51683849999999  29.518603300000002  0.2550283  7.364212  324.345  220.602
106.51683849999999  29.518603300000002  0.2550283  7.364212  324.345  220.602
106.51683849999999  29.518603300000002  0.2550283  7.364212  324.345  220.602
106.51683849999999  29.518603300000002  0.2550283  7.364212  324.345  220.602
106.51683849999999  29.518603300000002  0.2550283  7.364212  324.345  220.602
106.51683721666669  29.51862051666667  0.5640445  7.252604  336.08  222.206
106.51683721666669  29.51862051666667  0.5640445  7.252604  336.08  222.206
106.51683721666669  29.51862051666667  0.5640445  7.252604  336.08  222.206
106.51683721666669  29.51862051666667  0.5640445  7.252604  336.08  222.206
106.51683721666669  29.51862051666667  0.5640445  7.252604  336.08  222.206
106.51683721666669  29.51862051666667  0.53525096  7.156558  311.758  222.206
106.51683721666669  29.51862051666667  0.53525096  7.156558  311.758  222.206
106.51683721666669  29.51862051666667  0.53525096  7.156558  311.758  222.206
106.51683721666669  29.51862051666667  0.53525096  7.156558  311.758  222.206
106.51683721666669  29.51862051666667  0.53525096  7.156558  311.758  222.206
106.51683721666669  29.51862051666667  0.4936032  7.0111923  336.671  222.206
106.51683721666669  29.51862051666667  0.4936032  7.0111923  336.671  222.206
106.51683721666669  29.51862051666667  0.4936032  7.0111923  336.671  222.206
106.51683721666669  29.51862051666667  0.4936032  7.0111923  336.671  222.206
106.51683721666669  29.51862051666667  0.4936032  7.0111923  336.671  222.206
106.51683565  29.518650299999997  1.6443156  6.796055  15.304  222.39
106.51683565  29.518650299999997  1.6443156  6.796055  15.304  222.39
106.51683565  29.518650299999997  1.6443156  6.796055  15.304  222.39
106.51683565  29.518650299999997  1.6443156  6.796055  15.304  222.39
106.51683565  29.518650299999997  1.6443156  6.796055  15.304  222.39
106.51680856666665  29.51870166666667  1.8808339  6.580178  44.194  231.066
106.51680856666665  29.51870166666667  1.8808339  6.580178  44.194  231.066
106.51680856666665  29.51870166666667  1.8808339  6.580178  44.194  231.066
106.51680856666665  29.51870166666667  1.8808339  6.580178  44.194  231.066
106.51680856666665  29.51870166666667  1.8808339  6.580178  44.194  231.066
106.51683881666668  29.518735500000002  2.458247  6.5646048  50.516  233.763
106.51683881666668  29.518735500000002  2.458247  6.5646048  50.516  233.763
106.51683881666668  29.518735500000002  2.458247  6.5646048  50.516  233.763
106.51683881666668  29.518735500000002  2.458247  6.5646048  50.516  233.763
106.51683881666668  29.518735500000002  2.458247  6.5646048  50.516  233.763
106.51687983333335  29.51875945  1.5085748  6.5990453  38.152  232.297
106.51687983333335  29.51875945  1.5085748  6.5990453  38.152  232.297
106.51687983333335  29.51875945  1.5085748  6.5990453  38.152  232.297
106.51687983333335  29.51875945  1.5085748  6.5990453  38.152  232.297
106.51687983333335  29.51875945  1.5085748  6.5990453  38.152  232.297
106.5169193  29.518774033333337  1.345583  6.5834284  59.339  230.093
106.5169193  29.518774033333337  1.345583  6.5834284  59.339  230.093
106.5169193  29.518774033333337  1.345583  6.5834284  59.339  230.093
106.5169193  29.518774033333337  1.345583  6.5834284  59.339  230.093
106.5169193  29.518774033333337  1.345583  6.5834284  59.339  230.093
106.51696335  29.518780433333337  1.2689716  6.504847  70.282  227.177
106.51696335  29.518780433333337  1.2689716  6.504847  70.282  227.177
106.51696335  29.518780433333337  1.2689716  6.504847  70.282  227.177
106.51696335  29.518780433333337  1.2689716  6.504847  70.282  227.177
106.51696335  29.518780433333337  1.2689716  6.504847  70.282  227.177
106.51699908333333  29.518790649999996  1.4093399  6.4320335  78.773  227.04
106.51699908333333  29.518790649999996  1.4093399  6.4320335  78.773  227.04
106.51699908333333  29.518790649999996  1.4093399  6.4320335  78.773  227.04
106.51699908333333  29.518790649999996  1.4093399  6.4320335  78.773  227.04
106.51699908333333  29.518790649999996  1.4093399  6.4320335  78.773  227.04
106.51702813333334  29.51880631666667  1.2777123  6.3901978  82.379  227.365
106.51702813333334  29.51880631666667  1.2777123  6.3901978  82.379  227.365
106.51702813333334  29.51880631666667  1.2777123  6.3901978  82.379  227.365
106.51702813333334  29.51880631666667  1.2777123  6.3901978  82.379  227.365
106.51702813333334  29.51880631666667  1.2777123  6.3901978  82.379  227.365
106.51705101666667  29.518823033333334  1.4309351  6.3453536  77.758  227.548
106.51705101666667  29.518823033333334  1.4309351  6.3453536  77.758  227.548
106.51705101666667  29.518823033333334  1.4309351  6.3453536  77.758  227.548
106.51705101666667  29.518823033333334  1.4309351  6.3453536  77.758  227.548
106.51705101666667  29.518823033333334  1.4309351  6.3453536  77.758  227.548
106.51708741666668  29.518842083333332  1.3440404  6.3168917  75.725  229.073
106.51708741666668  29.518842083333332  1.3440404  6.3168917  75.725  229.073
106.51708741666668  29.518842083333332  1.3440404  6.3168917  75.725  229.073
106.51708741666668  29.518842083333332  1.3440404  6.3168917  75.725  229.073
106.51708741666668  29.518842083333332  1.3440404  6.3168917  75.725  229.073
106.51712556666668  29.51885601666667  1.8211901  6.2737994  61.424  231.764
106.51712556666668  29.51885601666667  1.8211901  6.2737994  61.424  231.764
106.51712556666668  29.51885601666667  1.8211901  6.2737994  61.424  231.764
106.51712556666668  29.51885601666667  1.8211901  6.2737994  61.424  231.764
106.51712556666668  29.51885601666667  1.8211901  6.2737994  61.424  231.764
106.51716470000001  29.518869766666665  1.6936759  6.2253685  61.267  232.099
106.51716470000001  29.518869766666665  1.6936759  6.2253685  61.267  232.099
106.51716470000001  29.518869766666665  1.6936759  6.2253685  61.267  232.099
106.51716470000001  29.518869766666665  1.6936759  6.2253685  61.267  232.099
106.51716470000001  29.518869766666665  1.6936759  6.2253685  61.267  232.099
106.51720058333333  29.51888423333333  1.2849109  6.2716975  76.404  230.967
106.51720058333333  29.51888423333333  1.2849109  6.2716975  76.404  230.967
106.51720058333333  29.51888423333333  1.2849109  6.2716975  76.404  230.967
106.51720058333333  29.51888423333333  1.2849109  6.2716975  76.404  230.967
106.51720058333333  29.51888423333333  1.2849109  6.2716975  76.404  230.967
106.5172289  29.518887166666666  2.1044977  6.148072  86.265  228.959
106.5172289  29.518887166666666  2.1044977  6.148072  86.265  228.959
106.5172289  29.518887166666666  2.1044977  6.148072  86.265  228.959
106.5172289  29.518887166666666  2.1044977  6.148072  86.265  228.959
106.5172289  29.518887166666666  2.1044977  6.148072  86.265  228.959
106.5172707  29.518898483333334  1.6052387  6.0526066  73.841  228.022
106.5172707  29.518898483333334  1.6052387  6.0526066  73.841  228.022
106.5172707  29.518898483333334  1.6052387  6.0526066  73.841  228.022
106.5172707  29.518898483333334  1.6052387  6.0526066  73.841  228.022
106.5172707  29.518898483333334  1.6052387  6.0526066  73.841  228.022
106.5172888  29.51890141666667  0.88899994  6.047409  76.89  227.298
106.5172888  29.51890141666667  0.88899994  6.047409  76.89  227.298
106.5172888  29.51890141666667  0.88899994  6.047409  76.89  227.298
106.5172888  29.51890141666667  0.88899994  6.047409  76.89  227.298
106.5172888  29.51890141666667  0.88899994  6.047409  76.89  227.298
106.51728881666668  29.51890141666667  0.205668  5.8831143  76.89  227.298
106.51728881666668  29.51890141666667  0.205668  5.8831143  76.89  227.298
106.51728881666668  29.51890141666667  0.205668  5.8831143  76.89  227.298
106.51728881666668  29.51890141666667  0.205668  5.8831143  76.89  227.298
106.51728881666668  29.51890141666667  0.205668  5.8831143  76.89  227.298
106.51730173333333  29.518904800000005  1.2108704  5.7392263  90.483  228.355
106.51730173333333  29.518904800000005  1.2108704  5.7392263  90.483  228.355
106.51730173333333  29.518904800000005  1.2108704  5.7392263  90.483  228.355
106.51730173333333  29.518904800000005  1.2108704  5.7392263  90.483  228.355
106.51730173333333  29.518904800000005  1.2108704  5.7392263  90.483  228.355
106.51733693333333  29.518906583333333  0.7594291  5.688998  103.585  225.815
106.51733693333333  29.518906583333333  0.7594291  5.688998  103.585  225.815
106.51733693333333  29.518906583333333  0.7594291  5.688998  103.585  225.815
106.51733693333333  29.518906583333333  0.7594291  5.688998  103.585  225.815
106.51733693333333  29.518906583333333  0.7594291  5.688998  103.585  225.815
106.51736026666667  29.518900799999997  0.79027927  5.649979  133.041  222.489
106.51736026666667  29.518900799999997  0.79027927  5.649979  133.041  222.489
106.51736026666667  29.518900799999997  0.79027927  5.649979  133.041  222.489
106.51736026666667  29.518900799999997  0.79027927  5.649979  133.041  222.489
106.51736026666667  29.518900799999997  0.79027927  5.649979  133.041  222.489
106.51736026666667  29.518900799999997  0.3259838  5.657518  133.041  222.489
106.51736026666667  29.518900799999997  0.3259838  5.657518  133.041  222.489
106.51736026666667  29.518900799999997  0.3259838  5.657518  133.041  222.489
106.51736026666667  29.518900799999997  0.3259838  5.657518  133.041  222.489
106.51736026666667  29.518900799999997  0.3259838  5.657518  133.041  222.489
106.51738511666666  29.5188939  1.2319512  5.678602  101.443  219.026
106.51738511666666  29.5188939  1.2319512  5.678602  101.443  219.026
106.51738511666666  29.5188939  1.2319512  5.678602  101.443  219.026
106.51738511666666  29.5188939  1.2319512  5.678602  101.443  219.026
106.51738511666666  29.5188939  1.2319512  5.678602  101.443  219.026
106.51742279999999  29.518900416666664  1.4227084  5.7197156  75.616  216.988
106.51742279999999  29.518900416666664  1.4227084  5.7197156  75.616  216.988
106.51742279999999  29.518900416666664  1.4227084  5.7197156  75.616  216.988
106.51742279999999  29.518900416666664  1.4227084  5.7197156  75.616  216.988
106.51742279999999  29.518900416666664  1.4227084  5.7197156  75.616  216.988
106.51744428333335  29.5189079  0.35940483  5.6418595  70.25  217.092
106.51744428333335  29.5189079  0.35940483  5.6418595  70.25  217.092
106.51744428333335  29.5189079  0.35940483  5.6418595  70.25  217.092
106.51744428333335  29.5189079  0.35940483  5.6418595  70.25  217.092
106.51744428333335  29.5189079  0.35940483  5.6418595  70.25  217.092
106.5174555  29.51891978333333  0.72292304  5.6913776  18.748  215.525
106.5174555  29.51891978333333  0.72292304  5.6913776  18.748  215.525
106.5174555  29.51891978333333  0.72292304  5.6913776  18.748  215.525
106.5174555  29.51891978333333  0.72292304  5.6913776  18.748  215.525
106.5174555  29.51891978333333  0.72292304  5.6913776  18.748  215.525
106.51745411666667  29.518922183333334  0.4097935  5.7729454  7.571  213.728
106.51745411666667  29.518922183333334  0.4097935  5.7729454  7.571  213.728
106.51745411666667  29.518922183333334  0.4097935  5.7729454  7.571  213.728
106.51745411666667  29.518922183333334  0.4097935  5.7729454  7.571  213.728
106.51745411666667  29.518922183333334  0.4097935  5.7729454  7.571  213.728
106.51745338333333  29.518921  0.544506  5.9127817  358.339  213.145
106.51745338333333  29.518921  0.544506  5.9127817  358.339  213.145
106.51745338333333  29.518921  0.544506  5.9127817  358.339  213.145
106.51745338333333  29.518921  0.544506  5.9127817  358.339  213.145
106.51745338333333  29.518921  0.544506  5.9127817  358.339  213.145
106.51745338333333  29.518921  0.25605667  5.947251  358.339  213.145
106.51745338333333  29.518921  0.25605667  5.947251  358.339  213.145
106.51745338333333  29.518921  0.25605667  5.947251  358.339  213.145
106.51745338333333  29.518921  0.25605667  5.947251  358.339  213.145
106.51745338333333  29.518921  0.25605667  5.947251  358.339  213.145
106.51745338333333  29.518921  0.28947774  5.992204  358.339  213.145
106.51745338333333  29.518921  0.28947774  5.992204  358.339  213.145
106.51745338333333  29.518921  0.28947774  5.992204  358.339  213.145
106.51745338333333  29.518921  0.28947774  5.992204  358.339  213.145
106.51745338333333  29.518921  0.28947774  5.992204  358.339  213.145
106.51745338333333  29.518921  0.30695948  5.943193  358.339  213.145
106.51745338333333  29.518921  0.30695948  5.943193  358.339  213.145
106.51745338333333  29.518921  0.30695948  5.943193  358.339  213.145
106.51745338333333  29.518921  0.30695948  5.943193  358.339  213.145
106.51745338333333  29.518921  0.30695948  5.943193  358.339  213.145
106.51745338333333  29.518921  0.4195627  5.930447  46.994  213.145
106.51745338333333  29.518921  0.4195627  5.930447  46.994  213.145
106.51745338333333  29.518921  0.4195627  5.930447  46.994  213.145
106.51745338333333  29.518921  0.4195627  5.930447  46.994  213.145
106.51745338333333  29.518921  0.4195627  5.930447  46.994  213.145
106.51744616666669  29.51893486666667  0.51828337  6.009715  355.019  216.717
106.51744616666669  29.51893486666667  0.51828337  6.009715  355.019  216.717
106.51744616666669  29.51893486666667  0.51828337  6.009715  355.019  216.717
106.51744616666669  29.51893486666667  0.51828337  6.009715  355.019  216.717
106.51744616666669  29.51893486666667  0.51828337  6.009715  355.019  216.717
106.51743909999999  29.518949966666664  0.44527122  5.976555  317.632  218.993
106.51743909999999  29.518949966666664  0.44527122  5.976555  317.632  218.993
106.51743909999999  29.518949966666664  0.44527122  5.976555  317.632  218.993
106.51743909999999  29.518949966666664  0.44527122  5.976555  317.632  218.993
106.51743909999999  29.518949966666664  0.44527122  5.976555  317.632  218.993
106.51743900000001  29.51895115  0.41082186  5.94227  343.411  220.623
106.51743900000001  29.51895115  0.41082186  5.94227  343.411  220.623
106.51743900000001  29.51895115  0.41082186  5.94227  343.411  220.623
106.51743900000001  29.51895115  0.41082186  5.94227  343.411  220.623
106.51743900000001  29.51895115  0.41082186  5.94227  343.411  220.623
106.51743900000001  29.51895115  0.18767205  5.7953515  343.411  220.623
106.51743900000001  29.51895115  0.18767205  5.7953515  343.411  220.623
106.51743900000001  29.51895115  0.18767205  5.7953515  343.411  220.623
106.51743900000001  29.51895115  0.18767205  5.7953515  343.411  220.623
106.51743900000001  29.51895115  0.18767205  5.7953515  343.411  220.623
106.51743900000001  29.51895115  0.45144126  5.535753  351.739  220.623
106.51743900000001  29.51895115  0.45144126  5.535753  351.739  220.623
106.51743900000001  29.51895115  0.45144126  5.535753  351.739  220.623
106.51743900000001  29.51895115  0.45144126  5.535753  351.739  220.623
106.51743900000001  29.51895115  0.45144126  5.535753  351.739  220.623
106.51742966666667  29.518972300000005  0.9856639  5.4136095  37.57  224.688
106.51742966666667  29.518972300000005  0.9856639  5.4136095  37.57  224.688
106.51742966666667  29.518972300000005  0.9856639  5.4136095  37.57  224.688
106.51742966666667  29.518972300000005  0.9856639  5.4136095  37.57  224.688
106.51742966666667  29.518972300000005  0.9856639  5.4136095  37.57  224.688
106.51745171666668  29.519007866666666  1.4566436  5.263436  115.469  226.558
106.51745171666668  29.519007866666666  1.4566436  5.263436  115.469  226.558
106.51745171666668  29.519007866666666  1.4566436  5.263436  115.469  226.558
106.51745171666668  29.519007866666666  1.4566436  5.263436  115.469  226.558
106.51745171666668  29.519007866666666  1.4566436  5.263436  115.469  226.558
106.5174924  29.519035533333334  0.95275706  5.1546445  114.359  231.053
106.5174924  29.519035533333334  0.95275706  5.1546445  114.359  231.053
106.5174924  29.519035533333334  0.95275706  5.1546445  114.359  231.053
106.5174924  29.519035533333334  0.95275706  5.1546445  114.359  231.053
106.5174924  29.519035533333334  0.95275706  5.1546445  114.359  231.053
106.51752  29.51904703333333  1.0977529  5.364213  108.328  229.284
106.51752  29.51904703333333  1.0977529  5.364213  108.328  229.284
106.51752  29.51904703333333  1.0977529  5.364213  108.328  229.284
106.51752  29.51904703333333  1.0977529  5.364213  108.328  229.284
106.51752  29.51904703333333  1.0977529  5.364213  108.328  229.284
